-1.439894447397680466e-01
-1.465453631731815365e-01
-1.369872630977670702e-01
-1.277190966579863640e-01
-1.267263138401001632e-01
-1.089882233042681059e-01
-1.017159238144676042e-01
-9.798046237866445130e-02
-9.958052836987835166e-02
-9.831082687658110331e-02
-8.475305694988372052e-02
-8.272607765889508635e-02
-6.309032152724536324e-02
-5.812620402441539408e-02
-4.788805030023805115e-02
-3.333398531879411958e-02
-2.995314553370595836e-02
-2.329932204960996969e-02
-2.533547168513099190e-02
-2.380395947073536689e-02
7.729422229897628394e-03
9.895886988167965428e-03
3.016602334730826562e-02
3.846547873783731641e-02
4.931573855622889413e-02
8.049800019002696649e-02
1.011710043399468295e-01
1.202450127365324722e-01
1.623308692314159862e-01
1.666109880332022342e-01
1.795109219564917646e-01
2.048322720913069439e-01
2.257964617506690030e-01
2.533301451591200570e-01
2.724655386805047153e-01
2.846674358196136234e-01
2.872443093273678305e-01
2.794840561708429316e-01
2.811191927374586119e-01
2.584150391319934292e-01
2.404802159816207263e-01
2.396492273458564470e-01
2.281109482935422816e-01
2.108283265224531466e-01
1.958552416930851858e-01
1.755379515352408493e-01
1.586352589321113060e-01
1.381070919047112933e-01
1.206612615119043719e-01
1.079980483344106373e-01
8.955019314043358158e-02
5.719229085405692220e-02
3.544979079637989444e-02
2.811181274889880746e-02
2.610388452155902594e-02
8.963888764831061048e-03
-3.439279200737947479e-03
-3.696594453767319127e-02
-3.543206442846658089e-02
-3.172599217752249123e-02
-4.512225471011441225e-02
-4.601328357531716401e-02
-5.779341456306252844e-02
-6.163217613311313542e-02
-8.413836929653586982e-02
-7.420994752633518210e-02
-7.375785913184684794e-02
-9.423929703319328111e-02
-1.043957467958712970e-01
-1.131470136093762485e-01
-1.189913486705403978e-01
-1.089471427472388648e-01
-1.168913982490818876e-01
-1.484795222421919081e-01
-1.867860666029231842e-01
-2.245791792509581608e-01
-2.249590947359691728e-01
-2.720069517388646885e-01
-2.809657315547066658e-01
-3.814622291775487950e-01
-4.435428030299234381e-01
-4.158250186798166381e-01
-2.921952417055296847e-01
-1.673851877688191658e-01
9.207406464194994866e-02
3.776662301025969781e-01
7.142558792201522122e-01
7.559154190454434596e-01
9.388478511826069406e-01
9.544943484428278779e-01
6.699897807329896482e-01
3.654783385955924779e-01
5.946876968947908265e-02
-1.523595959462220872e-01
-2.663817630918549062e-01
-2.991422595367941861e-01
-2.159804858916324621e-01
-1.473048044584945315e-01
-1.437877399816719637e-01
-1.431999401408144690e-01
-1.318072895134096700e-01
-1.164697270872170204e-01
-1.231076393134818980e-01
-1.225214475161199718e-01
-1.343295723053094803e-01
-1.228546387843094251e-01
-1.343777450514847815e-01
-1.202850525612820798e-01
-8.068367748476877599e-02
-7.920273531905136499e-02
-6.211170104342293025e-02
-4.490352852695667779e-02
1.280485085710368447e-02
2.000597933681652618e-02
4.543604998866433708e-02
8.667385999446902689e-02
9.467849935855454646e-02
1.152936847771758588e-01
9.291374114264860928e-02
8.944816859178542079e-02
1.058789959226768690e-01
9.815115256736857419e-02
7.876669639730411732e-02
6.856205422978139952e-02
5.225238970526463467e-02
3.412354208354027169e-02
4.421720751750887095e-04
-2.417096026571612100e-02
8.686150554722027115e-03
-3.059684402594140679e-02
-3.827445224873870372e-02
-7.859472088688369829e-02
-9.154950942159945093e-02
-1.139399128027931557e-01
-1.337782243916498803e-01
-9.708974065069359005e-02
-1.232947860492061842e-01
-1.028551227303086540e-01
-1.035335886238331615e-01
-1.260584101081426989e-01
-1.061364403614187962e-01
-1.366225789080646735e-01
-1.247884800693327828e-01
-1.123262046973549783e-01
-1.174954778086800822e-01
